data/21744.jpg 197 100 298 135
data/25142.jpg 214 149 305 180
data/23518.jpg 211 123 316 162
data/3586.jpg 128 240 232 271
data/25271.jpg 247 165 332 186
data/18553.jpg 267 199 356 228
data/27359.jpg 244 171 331 195
data/10149.jpg 234 127 315 155
data/13639.jpg 287 250 367 275
data/13623.jpg 267 192 338 212
data/13869.jpg 275 262 359 285
data/30752.jpg 169 121 273 154
data/17364.jpg 230 187 324 216
data/21394.jpg 202 114 309 150
data/25322.jpg 225 244 332 277
data/16037.jpg 320 248 397 270
data/18976.jpg 222 187 318 216
data/32932.jpg 267 185 361 219
data/37246.jpg 187 69 284 102
data/23354.jpg 155 122 263 156
data/37616.jpg 207 111 310 148
data/7215.jpg 232 241 309 263
data/24341.jpg 263 211 346 233
data/3821.jpg 208 144 305 171
data/18843.jpg 315 123 375 147
data/3524.jpg 201 245 301 279
data/41071.jpg 220 170 309 195
data/3842.jpg 126 255 229 285
data/37816.jpg 112 135 223 166
data/3421.jpg 238 155 322 181
data/32940.jpg 227 201 327 231
data/8995.jpg 230 180 320 206
data/9145.jpg 240 209 332 240
data/11664.jpg 143 121 248 157
data/3819.jpg 236 216 317 236
data/21238.jpg 160 133 258 162
data/3550.jpg 133 179 224 212
data/20115.jpg 243 229 340 261
data/36702.jpg 175 143 285 179
data/150.jpg 194 136 302 174
data/17541.jpg 205 221 298 247
data/7094.jpg 124 21 214 49
data/40929.jpg 239 248 340 276
data/34429.jpg 238 139 334 167
data/542.jpg 104 85 213 116
data/23948.jpg 135 39 228 65
data/652.jpg 105 108 209 143
data/13417.jpg 257 250 340 270
data/18723.jpg 208 156 296 180
data/17421.jpg 159 243 266 274
data/20997.jpg 295 241 370 260
data/24649.jpg 260 202 349 229
data/34541.jpg 241 222 338 253
data/7987.jpg 306 199 377 222
data/33223.jpg 227 167 316 193
data/9496.jpg 129 157 219 186
data/6872.jpg 176 130 284 166
data/34754.jpg 216 192 315 219
data/41283.jpg 237 161 338 190
data/22310.jpg 210 136 315 172
data/17856.jpg 212 166 303 194
data/26265.jpg 253 224 318 264
data/29584.jpg 174 101 278 136
data/4640.jpg 129 241 229 272
data/6631.jpg 277 186 348 207
data/9299.jpg 224 212 316 237
data/6070.jpg 166 205 262 237
data/17857.jpg 201 157 288 180
data/5346.jpg 172 160 273 193
data/32972.jpg 228 205 325 237
data/14085.jpg 307 242 387 263
data/7519.jpg 282 224 362 248
data/37130.jpg 185 122 285 155
data/40960.jpg 200 120 304 155
data/25576.jpg 256 192 353 226
data/33063.jpg 222 184 314 207
data/32721.jpg 189 166 281 192
data/1961.jpg 261 249 342 274
data/3525.jpg 276 215 372 246
data/20830.jpg 193 134 301 171
data/32634.jpg 249 220 352 257
data/17229.jpg 233 178 324 203
data/13797.jpg 289 245 366 268
data/822.jpg 120 125 229 162
data/39234.jpg 134 116 241 150
data/9257.jpg 217 228 315 253
data/10691.jpg 221 148 307 171
data/18967.jpg 235 210 331 233
data/34428.jpg 246 149 348 178
data/36936.jpg 195 147 304 185
data/5011.jpg 216 124 310 151
data/7341.jpg 261 221 342 242
data/40761.jpg 242 192 334 215
data/11279.jpg 267 214 342 235
data/9059.jpg 223 221 315 246
data/41181.jpg 250 158 336 183
data/32573.jpg 211 158 301 183
data/567.jpg 259 257 340 280
data/5516.jpg 128 228 231 261
data/3843.jpg 207 221 300 247
data/2273.jpg 259 207 335 229
data/3816.jpg 134 219 233 250
data/26968.jpg 224 222 323 257
data/8865.jpg 194 151 283 174
data/41224.jpg 221 225 325 259
data/9096.jpg 175 225 269 255
data/24980.jpg 220 238 321 266
data/33705.jpg 229 195 322 222
data/22224.jpg 151 102 258 135
data/544.jpg 104 85 213 115
data/11565.jpg 283 242 361 263
data/32804.jpg 212 139 311 171
data/28976.jpg 209 95 310 130
data/23122.jpg 133 137 241 171
data/9180.jpg 142 181 233 210
data/35331.jpg 190 235 292 265
data/24648.jpg 269 211 369 247
data/25139.jpg 204 246 308 274
data/743.jpg 139 223 213 243
data/37052.jpg 159 230 277 264
data/6687.jpg 306 217 380 237
data/40820.jpg 203 236 309 265
data/33024.jpg 230 237 330 267
data/6759.jpg 291 236 367 260
data/40963.jpg 220 167 307 191
data/27157.jpg 182 232 281 261
data/18552.jpg 279 208 373 239
data/13716.jpg 166 123 270 155
data/6990.jpg 192 129 299 168
data/7073.jpg 307 213 379 233
data/1951.jpg 283 245 362 266
data/21104.jpg 144 93 257 127
data/15886.jpg 170 96 276 127
data/34869.jpg 227 212 332 242
data/40296.jpg 258 174 362 206
data/28428.jpg 190 97 293 133
data/35523.jpg 231 186 323 211
data/33099.jpg 213 212 305 233
data/820.jpg 144 116 258 155
data/28836.jpg 146 142 252 176
data/6891.jpg 281 251 364 274
data/11045.jpg 266 234 347 255
data/129.jpg 134 257 216 277
data/40433.jpg 206 184 301 209
data/40294.jpg 224 184 321 214
data/9837.jpg 243 220 343 245
data/27784.jpg 252 171 342 201
data/11173.jpg 266 226 346 250
data/17603.jpg 208 139 296 162
data/26967.jpg 201 106 279 128
data/5854.jpg 166 201 262 231
data/20900.jpg 160 103 261 135
data/5498.jpg 151 152 237 181
data/34763.jpg 231 211 328 237
data/25323.jpg 218 232 318 259
data/24826.jpg 229 210 329 238
data/40741.jpg 173 241 271 267
data/14221.jpg 273 260 351 279
data/20706.jpg 194 115 297 150
data/26625.jpg 213 214 314 242
data/19650.jpg 263 200 361 232
data/26153.jpg 278 207 368 235
data/26104.jpg 194 224 297 258
data/24340.jpg 141 76 250 109
data/15357.jpg 285 256 367 279
data/24880.jpg 233 191 329 221
data/13796.jpg 176 122 282 154
data/32973.jpg 220 195 312 223
data/7709.jpg 275 192 356 215
data/24453.jpg 219 137 305 161
data/31402.jpg 198 127 302 161
data/32805.jpg 200 128 301 160
data/40867.jpg 235 174 325 199
data/3353.jpg 246 140 328 162
data/9865.jpg 220 156 323 184
data/20831.jpg 302 256 384 278
data/7144.jpg 103 145 213 173
data/2231.jpg 283 252 364 276
data/7638.jpg 105 97 210 125
data/21163.jpg 269 260 353 282
data/14907.jpg 293 230 369 253
data/41420.jpg 224 200 323 230
data/4047.jpg 239 169 329 193
data/14005.jpg 273 247 355 269
data/24983.jpg 191 232 290 255
data/17470.jpg 212 231 320 262
data/12264.jpg 118 186 218 216
data/33274.jpg 219 176 324 212
data/12430.jpg 148 217 247 249
data/7092.jpg 169 145 275 179
data/3785.jpg 239 170 328 199
data/8909.jpg 201 149 290 178
data/14004.jpg 156 124 264 156
data/443.jpg 206 266 292 291
data/8864.jpg 114 180 211 208
data/5697.jpg 165 235 266 265
data/9049.jpg 241 196 334 223
data/29586.jpg 179 86 280 120
data/20982.jpg 151 185 270 225
data/6808.jpg 134 126 236 160
data/40902.jpg 250 210 348 237
data/20757.jpg 299 219 375 242
data/24655.jpg 242 216 344 247
data/20146.jpg 204 62 305 143
data/17001.jpg 243 160 330 185
data/6923.jpg 256 220 331 238
data/30315.jpg 264 252 376 284
data/6667.jpg 299 235 374 258
data/5458.jpg 138 186 231 213
data/5586.jpg 151 259 253 292
data/8967.jpg 249 203 343 227
data/12499.jpg 240 181 333 207
data/25406.jpg 219 236 317 266
data/38306.jpg 121 50 217 75
data/3714.jpg 79 196 179 232
data/22266.jpg 148 141 257 175
data/36391.jpg 202 143 299 171
data/13816.jpg 157 176 269 210
data/17030.jpg 219 209 326 240
data/40386.jpg 230 138 317 167
data/30756.jpg 130 59 227 89
data/13451.jpg 286 251 365 269
data/17369.jpg 219 136 308 162
data/14842.jpg 184 120 299 159
data/8921.jpg 239 233 338 260
data/303.jpg 302 250 382 272
data/14152.jpg 173 148 281 185
data/37548.jpg 186 124 292 154
data/5723.jpg 199 170 292 197
data/36550.jpg 147 91 249 119
data/8834.jpg 173 151 260 179
data/21468.jpg 160 175 262 204
data/541.jpg 310 254 389 277
data/6843.jpg 311 262 393 284
data/35089.jpg 214 111 294 133
data/34868.jpg 238 224 346 257
data/13522.jpg 144 58 248 85
data/3571.jpg 267 212 361 241
data/32474.jpg 241 168 332 203
data/8814.jpg 173 203 264 233
data/18968.jpg 230 230 333 264
data/37330.jpg 174 61 269 95
data/1728.jpg 166 218 271 252
data/41153.jpg 232 166 321 189
data/25137.jpg 225 159 315 183
data/40585.jpg 218 197 312 223
data/36392.jpg 192 171 296 203
data/33161.jpg 235 210 331 235
data/320.jpg 132 113 239 146
data/32398.jpg 258 145 345 174
data/33062.jpg 231 193 328 220
data/17717.jpg 346 186 434 211
data/13620.jpg 181 128 289 163
data/21054.jpg 119 109 228 143
data/3818.jpg 104 86 212 115
data/24813.jpg 227 185 319 210
data/14084.jpg 203 114 308 147
data/13940.jpg 157 140 261 171
data/24580.jpg 256 150 349 181
data/33170.jpg 245 231 345 266
data/17210.jpg 232 134 318 163
data/905.jpg 276 258 353 280
data/3921.jpg 222 178 308 201
data/26633.jpg 242 207 335 234
data/26624.jpg 223 228 327 258
data/26964.jpg 183 178 275 209
data/40816.jpg 264 198 360 230
data/33360.jpg 219 200 317 233
data/13941.jpg 272 258 349 278
data/24954.jpg 263 195 357 227
data/17000.jpg 256 168 349 197
data/10997.jpg 318 148 389 171
data/39232.jpg 158 123 265 156
data/14003.jpg 264 194 341 217
data/28988.jpg 166 141 270 176
data/24887.jpg 231 218 329 245
data/5855.jpg 242 170 332 196
data/34335.jpg 236 177 325 202
data/2062.jpg 124 76 239 116
data/11842.jpg 121 133 227 166
data/18966.jpg 245 218 346 250
data/41081.jpg 243 219 341 247
data/22228.jpg 149 130 258 165
data/17174.jpg 241 227 346 262
data/5587.jpg 229 225 325 251
data/9446.jpg 154 245 258 277
data/11278.jpg 150 80 251 111
data/39048.jpg 157 138 268 174
data/26335.jpg 197 139 296 165
data/32399.jpg 244 139 327 163
data/33025.jpg 220 223 316 250
data/24812.jpg 239 195 334 225
data/7291.jpg 273 255 353 275
data/17602.jpg 216 146 313 175
data/3979.jpg 235 206 330 235
data/2436.jpg 137 128 245 159
data/3659.jpg 248 194 342 220
data/7104.jpg 194 151 303 188
data/448.jpg 172 140 280 171
data/5010.jpg 136 154 234 184
data/9074.jpg 148 185 240 213
data/33704.jpg 237 206 337 237
data/32679.jpg 226 178 315 203
data/2232.jpg 101 72 204 101
data/20756.jpg 194 85 293 119
data/32266.jpg 179 53 286 91
data/7518.jpg 170 92 274 127
data/25407.jpg 210 224 303 248
data/1357.jpg 260 259 341 281
data/24452.jpg 231 144 320 173
data/6666.jpg 195 105 292 140
data/36628.jpg 199 73 301 103
data/7343.jpg 283 221 359 241
data/7027.jpg 268 235 347 257
data/40297.jpg 251 166 348 193
data/12214.jpg 184 191 294 225
data/9006.jpg 119 199 214 231
data/604.jpg 195 148 300 178
data/11508.jpg 171 132 276 163
data/9075.jpg 224 156 310 179
data/6686.jpg 201 80 300 115
data/21126.jpg 156 135 267 172
data/33221.jpg 207 163 296 189
data/21306.jpg 151 153 258 186
data/21491.jpg 264 266 345 289
data/24953.jpg 233 169 321 193
data/218.jpg 226 89 325 120
data/554.jpg 122 120 223 148
data/38398.jpg 170 130 277 165
data/11210.jpg 142 137 249 168
data/41070.jpg 230 179 324 210
data/8883.jpg 222 197 316 217
data/37088.jpg 166 111 272 144
data/10148.jpg 158 156 245 185
data/783.jpg 299 225 390 256
data/14117.jpg 315 227 387 247
data/37550.jpg 105 141 208 176
data/20868.jpg 200 79 299 115
data/40817.jpg 253 191 342 216
data/28916.jpg 149 197 261 231
data/3784.jpg 163 200 257 232
data/87.jpg 311 181 372 200
data/3719.jpg 230 202 329 228
data/31236.jpg 142 121 257 156
data/27156.jpg 186 246 293 281
data/9007.jpg 198 169 287 192
data/13523.jpg 262 195 337 217
data/5236.jpg 109 209 207 236
data/19501.jpg 223 187 323 216
data/36393.jpg 188 161 289 188
data/17615.jpg 221 219 319 247
data/4641.jpg 207 207 304 236
data/34873.jpg 200 226 298 251
data/17228.jpg 242 187 340 216
data/29162.jpg 158 91 269 128
data/17614.jpg 229 232 333 264
data/30754.jpg 112 135 221 168
data/33023.jpg 189 223 285 248
data/653.jpg 233 233 312 254
data/40964.jpg 219 203 317 232
data/40582.jpg 286 222 386 256
data/12772.jpg 141 240 246 273
data/40928.jpg 246 261 354 291
data/17211.jpg 219 127 301 153
data/40295.jpg 215 174 309 199
data/32954.jpg 249 221 348 254
data/32955.jpg 236 209 333 239
data/13621.jpg 291 250 373 272
data/20707.jpg 301 242 374 265
data/2408.jpg 137 153 245 189
data/11473.jpg 311 253 388 276
data/28177.jpg 201 156 300 184
data/22513.jpg 291 237 370 262
data/3841.jpg 165 225 261 249
data/6897.jpg 258 261 348 288
data/17400.jpg 214 205 317 236
data/34447.jpg 216 161 306 187
data/14255.jpg 236 228 312 248
data/449.jpg 283 256 366 281
data/3749.jpg 240 193 333 224
data/8776.jpg 154 163 240 191
data/28622.jpg 155 127 268 164
data/32473.jpg 218 173 307 196
data/32718.jpg 229 212 332 244
data/24696.jpg 226 152 315 183
data/40624.jpg 240 155 334 185
data/9226.jpg 168 175 255 204
data/26064.jpg 251 228 352 259
data/844.jpg 167 170 276 206
data/5722.jpg 118 202 221 234
data/7430.jpg 179 63 289 98
data/30648.jpg 186 124 291 156
data/6905.jpg 279 260 360 282
data/41225.jpg 216 214 312 242
data/775.jpg 99 162 180 183
data/40864.jpg 215 207 314 239
data/706.jpg 207 154 315 189
data/6732.jpg 181 137 291 175
data/6815.jpg 314 241 390 261
data/8908.jpg 125 182 217 212
data/1070.jpg 85 102 187 135
data/13386.jpg 176 94 274 131
data/11276.jpg 114 86 225 122
data/35330.jpg 196 249 302 284
data/7290.jpg 156 136 266 167
data/845.jpg 183 273 265 297
data/3456.jpg 172 169 263 199
data/20824.jpg 181 137 288 173
data/28540.jpg 206 133 312 171
data/5499.jpg 225 124 307 150
data/18979.jpg 229 193 321 219
data/6758.jpg 180 108 284 145
data/2270.jpg 194 144 296 179
data/40844.jpg 247 215 349 246
data/40584.jpg 225 207 326 239
data/13559.jpg 320 252 397 276
data/19500.jpg 233 198 335 231
data/40591.jpg 263 204 358 230
data/4182.jpg 133 221 228 248
data/38376.jpg 123 41 226 74
data/4094.jpg 130 182 225 214
data/2428.jpg 125 99 230 130
data/21202.jpg 190 86 290 118
data/24886.jpg 238 229 343 262
data/2063.jpg 253 211 338 235
data/9057.jpg 212 229 312 257
data/20980.jpg 150 128 254 160
data/5554.jpg 135 217 233 247
data/12496.jpg 150 210 258 246
data/17171.jpg 254 167 341 192
data/17368.jpg 228 144 323 172
data/13764.jpg 127 95 232 127
data/6873.jpg 287 250 369 276
data/8815.jpg 247 173 333 198
data/186.jpg 214 108 313 138
data/508.jpg 200 232 305 268
data/15887.jpg 284 227 361 247
data/40852.jpg 233 221 334 251
data/21490.jpg 147 150 254 187
data/12245.jpg 249 192 347 221
data/40884.jpg 209 183 303 214
data/36984.jpg 141 120 253 153
data/3840.jpg 85 258 188 289
data/40988.jpg 265 224 370 256
data/12681.jpg 266 179 354 204
data/7079.jpg 263 246 345 273
data/26965.jpg 175 168 263 191
data/28380.jpg 179 144 282 177
data/38494.jpg 173 154 280 188
data/40845.jpg 237 204 335 230
data/24982.jpg 197 247 303 275
data/28176.jpg 204 165 310 198
data/5515.jpg 247 177 339 204
data/9864.jpg 138 186 243 221
data/3352.jpg 173 167 261 196
data/32625.jpg 260 191 351 219
data/22226.jpg 142 138 247 171
data/11477.jpg 303 257 382 278
data/26152.jpg 290 216 386 250
data/25154.jpg 223 209 323 241
data/25083.jpg 234 191 322 215
data/5710.jpg 161 165 255 200
data/13765.jpg 252 224 331 245
data/36414.jpg 141 56 246 91
data/17060.jpg 246 201 343 233
data/24697.jpg 213 141 299 169
data/442.jpg 205 159 310 195
data/21172.jpg 160 248 278 282
data/6904.jpg 168 143 271 177
data/14844.jpg 126 132 234 167
data/24728.jpg 234 204 340 237
data/24654.jpg 251 226 358 260
data/6733.jpg 292 257 375 280
data/36746.jpg 204 78 302 113
data/12773.jpg 221 209 320 234
data/2429.jpg 248 227 323 246
data/11044.jpg 145 107 253 142
data/23519.jpg 313 248 391 272
data/20676.jpg 140 95 242 126
data/36549.jpg 288 147 335 167
data/13761.jpg 321 256 400 280
data/40658.jpg 212 201 310 232
data/13707.jpg 286 206 360 227
data/33322.jpg 256 155 344 185
data/24881.jpg 223 182 313 206
data/32635.jpg 239 210 337 237
data/40760.jpg 253 199 349 228
data/31006.jpg 167 36 280 72
data/30646.jpg 147 134 252 163
data/3420.jpg 164 186 253 215
data/21307.jpg 269 268 351 288
data/33568.jpg 243 152 331 185
data/9182.jpg 146 178 236 205
data/15693.jpg 249 250 329 271
data/9183.jpg 221 148 307 174
data/1071.jpg 217 228 295 250
data/33702.jpg 212 185 310 218
data/17619.jpg 206 218 305 243
data/33324.jpg 282 179 372 211
data/31042.jpg 133 142 239 172
data/300.jpg 156 45 252 78
data/7545.jpg 266 235 341 257
data/24581.jpg 244 142 331 170
data/35088.jpg 226 118 311 145
data/15858.jpg 154 158 268 197
data/3880.jpg 181 206 276 239
data/1760.jpg 207 162 306 236
data/9297.jpg 216 159 304 181
data/2300.jpg 146 72 243 103
data/13601.jpg 295 216 369 239
data/7214.jpg 106 118 205 150
data/12265.jpg 198 154 293 182
data/20114.jpg 251 244 356 275
data/37350.jpg 172 148 280 184
data/36964.jpg 170 123 273 157
data/26936.jpg 233 132 319 160
data/11118.jpg 140 131 250 165
data/36778.jpg 146 98 249 129
data/5514.jpg 172 208 268 238
data/4015.jpg 205 160 294 183
data/605.jpg 204 259 284 278
data/462.jpg 136 126 244 160
data/9097.jpg 249 195 337 219
data/36666.jpg 161 100 265 130
data/33098.jpg 223 223 320 250
data/17540.jpg 212 234 312 265
data/83.jpg 184 234 259 258
data/17420.jpg 168 263 273 293
data/36880.jpg 178 120 280 150
data/37206.jpg 183 145 295 180
data/9296.jpg 138 189 233 215
data/23355.jpg 273 246 354 268
data/41005.jpg 202 221 294 244
data/36710.jpg 183 138 293 174
data/33087.jpg 230 170 320 197
data/25140.jpg 233 216 333 241
data/32521.jpg 221 159 310 183
data/18694.jpg 203 140 303 167
data/6996.jpg 190 12 292 90
data/647.jpg 165 264 244 286
data/7078.jpg 141 123 251 161
data/41152.jpg 242 173 337 203
data/40866.jpg 247 182 341 215
data/38406.jpg 152 51 248 83
data/37114.jpg 190 136 301 168
data/5715.jpg 217 242 317 268
data/3715.jpg 163 167 251 191
data/7678.jpg 149 135 255 163
data/37278.jpg 195 118 299 151
data/17618.jpg 213 229 319 261
data/14017.jpg 296 258 378 286
data/37332.jpg 139 178 242 205
data/21150.jpg 156 93 253 125
data/21310.jpg 138 50 231 79
data/2230.jpg 171 132 279 165
data/6781.jpg 270 246 352 269
data/17684.jpg 254 187 350 216
data/40962.jpg 231 177 322 205
data/23314.jpg 138 235 257 274
data/82.jpg 224 199 325 234
data/9156.jpg 134 221 233 249
data/21174.jpg 199 134 302 170
data/3573.jpg 236 198 331 222
data/32941.jpg 220 191 310 215
data/14153.jpg 286 265 366 288
data/24729.jpg 230 195 322 219
data/8280.jpg 239 111 319 177
data/37408.jpg 152 76 262 109
data/6861.jpg 288 257 367 277
data/25577.jpg 245 183 334 208
data/17318.jpg 253 213 352 241
data/22512.jpg 182 109 285 143
data/8960.jpg 132 223 227 252
data/9390.jpg 115 252 220 285
data/18695.jpg 198 130 293 155
data/34872.jpg 205 238 312 273
data/4120.jpg 110 252 217 286
data/40469.jpg 238 200 329 224
data/6942.jpg 166 93 267 125
data/29108.jpg 162 96 263 128
data/26963.jpg 233 217 330 243
data/26969.jpg 215 211 310 242
data/6842.jpg 211 142 315 182
data/40986.jpg 264 222 364 248
data/32933.jpg 254 177 345 205
data/17685.jpg 243 179 334 204
data/9499.jpg 227 191 321 218
data/32906.jpg 209 209 310 237
data/707.jpg 213 265 295 289
data/40270.jpg 145 41 249 75
data/261.jpg 170 259 252 282
data/40510.jpg 238 143 329 172
data/3551.jpg 209 148 296 175
data/2174.jpg 168 194 268 227
data/21162.jpg 153 144 262 180
data/24884.jpg 215 197 320 231
data/8004.jpg 187 53 293 87
data/11564.jpg 169 116 276 147
data/9181.jpg 218 152 306 175
data/28310.jpg 209 80 310 116
data/7145.jpg 233 258 317 279
data/9836.jpg 164 252 273 285
data/9227.jpg 241 148 324 170
data/9866.jpg 132 206 235 238
data/25143.jpg 201 139 291 166
data/40989.jpg 256 215 353 241
data/11211.jpg 262 255 344 278
data/6630.jpg 166 43 260 74
data/32523.jpg 237 159 324 184
data/32438.jpg 154 196 255 224
data/21103.jpg 266 264 346 285
data/19472.jpg 194 242 309 280
data/26065.jpg 241 215 337 243
data/2565.jpg 303 245 380 269
data/555.jpg 149 235 225 254
data/40918.jpg 221 206 321 235
data/11025.jpg 281 240 360 263
data/14001.jpg 260 260 340 280
data/12497.jpg 231 179 333 209
data/38688.jpg 199 135 306 172
data/37196.jpg 170 111 275 145
data/9058.jpg 143 254 244 285
data/24651.jpg 263 204 356 232
data/4087.jpg 236 160 322 183
data/321.jpg 254 237 335 260
data/30332.jpg 167 67 266 100
data/37024.jpg 204 127 308 158
data/26962.jpg 241 228 345 261
data/16494.jpg 146 160 255 191
data/7681.jpg 301 252 381 273
data/11665.jpg 262 244 344 266
data/7029.jpg 271 220 346 243
data/41118.jpg 230 164 323 192
data/32520.jpg 231 167 325 196
data/32572.jpg 220 168 317 196
data/813.jpg 297 217 371 239
data/17309.jpg 222 162 314 188
data/15354.jpg 169 130 277 164
data/36708.jpg 198 131 306 168
data/12338.jpg 132 243 238 275
data/24952.jpg 245 179 339 209
data/3591.jpg 225 192 320 215
data/25136.jpg 235 166 332 196
data/37112.jpg 193 128 300 159
data/40432.jpg 212 196 313 226
data/4046.jpg 162 201 258 227
data/14843.jpg 298 246 382 270
data/9794.jpg 134 234 238 263
data/33325.jpg 266 172 354 198
data/40548.jpg 219 164 314 190
data/390.jpg 197 124 313 159
data/13416.jpg 137 129 244 160
data/23120.jpg 187 25 276 57
data/7544.jpg 150 110 250 138
data/17319.jpg 242 203 336 226
data/744.jpg 171 90 270 128
data/13860.jpg 241 108 344 184
data/13769.jpg 277 257 357 277
data/8882.jpg 142 223 243 257
data/9043.jpg 221 162 312 187
data/219.jpg 227 217 301 238
data/39840.jpg 132 145 243 182
data/25774.jpg 226 181 325 211
data/21125.jpg 294 232 370 254
data/25141.jpg 222 203 318 227
data/17101.jpg 242 144 327 168
data/41080.jpg 252 229 355 263
data/21832.jpg 139 130 252 163
data/32624.jpg 272 199 369 232
data/33434.jpg 262 218 358 245
data/29248.jpg 164 152 274 189
data/40549.jpg 207 152 298 177
data/7093.jpg 281 263 361 283
data/22784.jpg 177 136 286 170
data/7431.jpg 292 204 363 224
data/13880.jpg 192 239 308 274
data/6890.jpg 166 128 276 166
data/3820.jpg 128 175 229 204
data/13562.jpg 190 133 299 172
data/29058.jpg 205 140 312 178
data/41119.jpg 217 155 306 181
data/14115.jpg 297 217 371 239
data/15692.jpg 125 128 231 161
data/35522.jpg 241 196 339 224
data/316.jpg 139 228 247 261
data/21745.jpg 302 231 379 254
data/6922.jpg 134 87 236 118
data/6814.jpg 213 111 316 143
data/17401.jpg 208 193 303 219
data/34765.jpg 209 212 305 238
data/17754.jpg 220 223 321 256
data/32901.jpg 233 192 325 219
data/33171.jpg 234 219 332 248
data/36412.jpg 183 90 285 125
data/3529.jpg 210 217 309 245
data/28828.jpg 170 128 280 163
data/29448.jpg 188 57 282 90
data/4095.jpg 208 151 300 178
data/509.jpg 118 168 198 193
data/21058.jpg 139 146 254 178
data/17100.jpg 251 151 349 181
data/2425.jpg 280 232 362 255
data/2779.jpg 298 197 369 218
data/20996.jpg 183 113 291 143
data/32472.jpg 229 181 321 212
data/26334.jpg 202 149 305 178
data/33086.jpg 241 180 336 207
data/18969.jpg 222 218 322 246
data/13717.jpg 279 246 359 268
data/24530.jpg 219 192 314 221
data/9245.jpg 223 187 318 214
data/24933.jpg 231 164 324 190
data/3881.jpg 255 179 344 204
data/13490.jpg 193 87 296 121
data/9584.jpg 145 161 235 190
data/13491.jpg 302 223 377 243
data/17653.jpg 259 173 347 200
data/7342.jpg 171 88 272 121
data/32439.jpg 148 181 243 205
data/41291.jpg 205 216 298 243
data/12304.jpg 137 219 233 251
data/11119.jpg 260 251 344 275
data/3589.jpg 240 203 335 230
data/28430.jpg 166 93 274 127
data/12244.jpg 176 224 273 259
data/25157.jpg 242 196 336 222
data/17652.jpg 271 181 365 210
data/11172.jpg 147 95 252 133
data/38698.jpg 142 131 248 161
data/14053.jpg 292 230 369 257
data/3590.jpg 147 221 249 251
data/21323.jpg 317 257 399 281
data/2215.jpg 293 197 364 220
data/13563.jpg 299 256 382 279
data/36942.jpg 169 146 288 177
data/26937.jpg 220 124 302 148
data/15356.jpg 172 137 280 170
data/22225.jpg 266 226 355 255
data/28732.jpg 188 113 294 150
data/24827.jpg 220 197 313 221
data/40590.jpg 272 213 373 245
data/25775.jpg 218 171 310 196
data/14114.jpg 189 82 288 114
data/26067.jpg 214 213 313 240
data/318.jpg 147 127 255 160
data/566.jpg 144 138 246 173
data/26066.jpg 219 223 325 257
data/40903.jpg 238 199 332 223
data/128.jpg 154 234 265 267
data/9673.jpg 235 184 324 210
data/33220.jpg 216 173 311 205
data/24955.jpg 250 187 342 213
data/4098.jpg 125 205 226 239
data/3528.jpg 128 251 234 283
data/37306.jpg 212 75 308 104
data/28584.jpg 206 105 310 141
data/33275.jpg 210 164 317 195
data/7679.jpg 265 253 346 276
data/812.jpg 192 82 290 114
data/12310.jpg 117 269 223 301
data/21151.jpg 271 225 343 245
data/283.jpg 214 214 287 239
data/7680.jpg 193 128 300 162
data/34540.jpg 247 233 352 269
data/2233.jpg 232 205 310 228
data/6071.jpg 243 176 332 200
data/2271.jpg 201 258 279 278
data/8005.jpg 298 196 378 220
data/14254.jpg 110 103 210 130
data/25270.jpg 258 171 349 199
data/12431.jpg 226 186 318 211
data/5711.jpg 237 137 325 163
data/26355.jpg 242 166 331 193
data/40593.jpg 242 220 339 247
data/24932.jpg 239 172 339 205
data/301.jpg 271 191 341 209
data/41004.jpg 210 235 310 263
data/40987.jpg 252 211 347 235
data/1950.jpg 170 121 275 153
data/187.jpg 216 231 294 254
data/32900.jpg 239 201 347 235
data/33435.jpg 249 207 340 231
data/29110.jpg 169 84 270 116
data/17755.jpg 213 211 308 240
data/21439.jpg 304 202 375 222
data/2564.jpg 198 119 302 156
data/9244.jpg 148 219 242 251
data/25526.jpg 273 214 369 243
data/6770.jpg 188 157 300 194
data/8994.jpg 153 211 249 243
data/21255.jpg 276 261 355 282
data/7028.jpg 156 89 257 121
data/40511.jpg 227 135 312 160
data/26635.jpg 232 213 327 240
data/36586.jpg 191 143 297 176
data/28798.jpg 196 150 303 181
data/24981.jpg 212 222 305 254
data/4014.jpg 128 190 221 221
data/20981.jpg 267 251 345 270
data/32475.jpg 229 160 315 185
data/41282.jpg 243 169 349 204
data/9585.jpg 220 132 304 157
data/9701.jpg 227 242 323 265
data/12215.jpg 265 163 363 190
data/32678.jpg 236 185 331 221
data/5459.jpg 215 155 302 179
data/10690.jpg 141 177 237 206
data/30638.jpg 179 137 288 170
data/11509.jpg 282 251 361 274
data/13387.jpg 285 225 361 247
data/32454.jpg 140 182 244 258
data/14052.jpg 186 99 287 138
data/13768.jpg 162 138 270 168
data/14020.jpg 197 129 303 169
data/8045.jpg 238 230 316 254
data/37696.jpg 173 144 277 178
data/17175.jpg 234 216 332 247
data/11843.jpg 246 251 325 274
data/3572.jpg 158 229 261 259
data/33269.jpg 244 164 333 186
data/36504.jpg 202 60 296 90
data/3718.jpg 154 236 255 264
data/34764.jpg 216 226 321 253
data/26354.jpg 249 173 352 207
data/31210.jpg 121 156 229 194
data/25527.jpg 259 205 350 228
data/9022.jpg 147 192 243 223
data/5347.jpg 253 132 347 160
data/30218.jpg 179 87 278 119
data/37086.jpg 201 119 304 155
data/30216.jpg 177 80 274 112
data/19473.jpg 191 231 291 258
data/12311.jpg 199 233 298 261
data/17719.jpg 237 161 325 189
data/745.jpg 282 223 357 245
data/3920.jpg 148 210 238 241
data/40821.jpg 197 221 298 248
data/14906.jpg 185 101 289 136
data/9298.jpg 146 244 245 274
data/9256.jpg 137 258 243 298
data/12339.jpg 213 209 312 236
data/11090.jpg 136 190 250 225
data/25156.jpg 250 205 355 237
data/8920.jpg 154 265 272 301
data/2272.jpg 141 71 242 103
data/391.jpg 209 244 286 262
data/7639.jpg 235 224 313 244
data/20628.jpg 171 61 265 91
data/21938.jpg 133 136 243 169
data/27358.jpg 253 178 348 210
data/821.jpg 266 243 348 266
data/8777.jpg 228 134 309 156
data/9447.jpg 233 213 330 240
data/319.jpg 267 248 348 270
data/26062.jpg 205 85 288 109
